航班序列号

ans =

  1 至 19 列

     1     2     3     4     5     6     7     8     9    10    11    12    13    14    15    16    17    18    19

  20 至 38 列

    20    21    22    23    24    25    26    27    28    29    30    31    32    33    34    35    36    37    38

  39 至 57 列

    39    40    41    42    43    44    45    46    47    48    49    50    51    52    53    54    55    56    57

  58 至 76 列

    58    59    60    61    62    63    64    65    66    67    68    69    70    71    72    73    74    75    76

  77 至 95 列

    77    78    79    80    81    82    83    84    85    86    87    88    89    90    91    92    93    94    95

  96 至 114 列

    96    97    98    99   100   101   102   103   104   105   106   107   108   109   110   111   112   113   114

  115 至 133 列

   115   116   117   118   119   120   121   122   123   124   125   126   127   128   129   130   131   132   133

  134 至 152 列

   134   135   136   137   138   139   140   141   142   143   144   145   146   147   148   149   150   151   152

  153 至 171 列

   153   154   155   156   157   158   159   160   161   162   163   164   165   166   167   168   169   170   171

  172 至 190 列

   172   173   174   175   176   177   178   179   180   181   182   183   184   185   186   187   188   189   190

  191 至 209 列

   191   192   193   194   195   196   197   198   199   200   201   202   203   204   205   206   207   208   209

  210 至 228 列

   210   211   212   213   214   215   216   217   218   219   220   221   222   223   224   225   226   227   228

  229 至 247 列

   229   230   231   232   233   234   235   236   237   238   239   240   241   242   243   244   245   246   247

  248 至 266 列

   248   249   250   251   252   253   254   255   256   257   258   259   260   261   262   263   264   265   266

  267 至 285 列

   267   268   269   270   271   272   273   274   275   276   277   278   279   280   281   282   283   284   285

  286 至 303 列

   286   287   288   289   290   291   292   293   294   295   296   297   298   299   300   301   302   303

机位号

ans =

  1 至 19 列

    70    13    34    64    25    52     4    24    39     5    70    47    70    66    29    70    40    70    12

  20 至 38 列

    70    70    70     6    43    70    27    70    48    44    55    17     8    70    70    70    33    70    36

  39 至 57 列

    54    70    45     9    70    22    70    70    70    19    38    32    49    56    70    51    70    70    18

  58 至 76 列

    70    70    70    30    70    63    41    70    70    70    70    70    60    40    70    70    62    70    70

  77 至 95 列

    70    70    70    26    70    70    70    70    70     2    70    70    70    38    47    70    21    33    70

  96 至 114 列

    70     5    70    70    70    70    12    70    29    17    70    70    70    70    43    70    54    70    36

  115 至 133 列

     9    70    55    70    70    70    70    31    70    70    70    70    70    70    70    70    70    70    70

  134 至 152 列

    70    70    70    70    70    70    70    70    54    70    70    14    38    70    70    70    70    47    70

  153 至 171 列

     8    46    70    42    37    70    70    10    52    17    70    70    70    70     6    70    15    50    23

  172 至 190 列

    70    45    70    38    70     1    11    62    70    70     7    48    70    70    70    70    18    53    70

  191 至 209 列

    65    70    70    24    70    70    70    15    70    70    67    22    26    70    45    70    70    17    14

  210 至 228 列

    70    16     7    21     8    70    70    70    48    35    42    41    70    32    70    54    70    55    70

  229 至 247 列

    70     9    70    37    70    70    70    60    70    70    11    68    70    70    10    70     3    70    70

  248 至 266 列

    20    70    70    47    70    70    70    16    70    52    38     8    70    70    13    70    70    70    21

  267 至 285 列

    70    70    48    46    70    70    70    23    56    70    31    70    70    70    70    10    20    70    70

  286 至 303 列

    70    70    15    70    70    70    55    17    12    70    70    70     9    70    70    21    36    70